20160725-3-1.jpg 215,32,265,82,0 201,363,251,413,0 210,202,260,252,0 176,40,298,244,1 169,208,293,408,1
20160725-3-14.jpg 203,392,253,442,0 208,231,258,281,0 212,62,262,112,0 169,237,291,437,1 174,70,296,274,1
20160725-3-149.jpg 155,28,205,78,0 180,352,230,402,0 167,191,217,241,0 136,197,262,397,1 123,34,249,235,1
20160725-3-23.jpg 206,256,256,306,0 210,90,260,140,0 204,418,254,468,0 170,262,291,462,1 173,97,294,299,1
20160725-3-32.jpg 206,287,256,337,0 207,123,257,173,0 204,450,254,500,0 171,129,291,331,1 170,293,290,494,1
20160725-3-465.jpg 136,322,186,372,0 26,212,76,262,0 19,205,193,380,1
20160725-3-474.jpg 51,218,101,268,0 137,343,187,393,0 38,214,200,396,1
20160725-3-59.jpg 201,221,251,271,0 208,387,258,437,0 194,60,244,110,0 168,227,291,430,1 161,65,284,265,1
20160725-3-647.jpg 519,270,569,320,0 107,228,157,278,0 518,122,568,172,0 484,124,604,318,1
20160725-3-97.jpg 186,205,236,255,0 200,364,250,414,0 213,524,263,574,0 180,126,230,176,0 169,369,295,569,1 155,210,281,409,1
20160725-5-652.jpg 203,473,253,523,0 336,392,386,442,0 463,313,513,363,0 333,298,516,457,1 201,378,387,538,1
20160725-5-659.jpg 461,318,511,368,0 223,500,273,550,0 345,410,395,460,0 339,307,517,472,1 218,398,399,563,1
20160725-7-158.jpg 372,426,422,476,0 368,50,418,100,0 335,109,456,417,1
20160725-7-172.jpg 375,76,425,126,0 371,459,421,509,0 337,137,459,448,1
20160725-7-299.jpg 376,76,426,126,0 370,459,420,509,0 337,137,460,448,1
20160725-7-331.jpg 370,417,420,467,0 377,40,427,90,0 337,99,460,407,1
20160725-7-340.jpg 379,22,429,72,0 370,403,420,453,0 337,83,461,393,1
20160725-7-519.jpg 373,53,423,103,0 360,437,410,487,0 328,115,454,426,1
20160725-7-537.jpg 360,406,410,456,0 373,24,423,74,0 329,84,455,395,1
20160816-1-1365.jpg 69,264,119,314,0 372,259,422,309,0 520,256,570,306,0 220,261,270,311,0 375,222,568,343,1 223,225,419,345,1 72,227,267,348,1
20160816-1-1540.jpg 68,119,118,169,0 217,119,267,169,0 369,117,419,167,0 519,117,569,167,0 372,82,567,202,1 221,83,416,203,1 71,84,265,204,1
20160816-1-2124.jpg 391,341,441,391,0 335,489,385,539,0 447,204,497,254,0 507,58,557,108,0 427,60,577,252,1 314,343,462,536,1 370,203,518,391,1
20160816-1-2151.jpg 374,469,424,519,0 458,337,508,387,0 360,335,521,521,1
20160816-1-2966.jpg 149,495,199,545,0 402,210,452,260,0 177,247,423,509,1
20160816-1-2985.jpg 400,159,450,209,0 151,446,201,496,0 178,196,422,459,1
20160816-1-3003.jpg 152,434,202,484,0 398,145,448,195,0 178,182,421,446,1
20160816-1-3028.jpg 368,89,418,139,0 161,410,211,460,0 178,134,401,414,1
20160816-1-3081.jpg 313,27,363,77,0 173,385,223,435,0 173,81,362,380,1
20160816-1-576.jpg 228,18,278,68,0 370,45,420,95,0 524,73,574,123,0 229,-9,419,123,1 373,17,570,150,1
20160816-1-607.jpg 314,82,364,132,0 446,152,496,202,0 312,65,498,220,1
20160816-1-627.jpg 359,137,409,187,0 246,40,296,90,0 476,237,526,287,0 239,30,415,198,1 354,127,532,296,1
20160816-1-644.jpg 486,311,536,361,0 391,195,441,245,0 295,78,345,128,0 284,73,452,251,1 380,190,547,367,1
20160816-1-785.jpg 389,465,439,515,0 450,324,500,374,0 369,325,519,515,1
20160816-2-10.jpg 190,381,240,431,0 193,41,243,91,0 156,91,277,381,1
20160816-2-13.jpg 194,74,244,124,0 190,423,240,473,0 156,126,277,420,1
20160816-2-18.jpg 195,136,245,186,0 185,481,235,531,0 153,188,277,480,1
20160816-2-19.jpg 195,144,245,194,0 185,487,235,537,0 153,195,277,486,1
20160816-2-22.jpg 195,175,245,225,0 185,520,235,570,0 153,227,277,519,1
20160816-2-23.jpg 195,183,245,233,0 185,529,235,579,0 153,235,277,528,1
20160816-3-1066.jpg 163,453,213,503,0 390,143,440,193,0 185,186,418,460,1